Accuracy: 0.5099540581929556
Precision: 0.5099540581929556
Recall: 1.0
F-Score: 0.6754563894523327
AUC: 0.5
