Accuracy: 0.6814701378254211
Precision: 0.8048780487804879
Recall: 0.4954954954954955
F-Score: 0.6133828996282528
AUC: 0.794801051051051
