Accuracy: 0.5834609494640123
Precision: 0.5626283367556468
Recall: 0.8228228228228228
F-Score: 0.6682926829268293
AUC: 0.7431493993993994
