Accuracy: 0.6814701378254211
Precision: 0.8829365079365079
Recall: 0.7491582491582491
F-Score: 0.8105646630236795
AUC: 0.3913142726702049
