Accuracy: 0.9302600472813238
Precision: 0.9302600472813238
Recall: 1.0
F-Score: 0.9638701775872627
AUC: 0.5
