Accuracy: 0.9096477794793262
Precision: 0.9096477794793262
Recall: 1.0
F-Score: 0.9526864474739375
AUC: 0.5
