Accuracy: 0.7136294027565084
Precision: 0.6674311926605505
Recall: 0.8738738738738738
F-Score: 0.7568270481144344
AUC: 0.7772334834834835
