Accuracy: 0.6493108728943339
Precision: 1.0
Recall: 0.6144781144781145
F-Score: 0.7612095933263816
AUC: 0.9866746561661816
