Accuracy: 0.7320061255742726
Precision: 0.6673728813559322
Recall: 0.9459459459459459
F-Score: 0.782608695652174
AUC: 0.8726914414414415
