Accuracy: 0.7656967840735069
Precision: 0.9932885906040269
Recall: 0.7474747474747475
F-Score: 0.8530259365994236
AUC: 0.7490441134508931
